$ANSIBLE_VAULT;1.1;AES256
64646461326131303665373131643539633133333730326637663131343536346362646565386138
3538303634393139643837393132313131353165663063610a356635633139386332623230323838
31333130313761663933393866333536336465636330396234656331343230333431383237353132
6461333436636237310a376466643539336330626366666464646530646436363731396432383834
64343133633733396464333934643334353563363362663934663862626637343935626163313035
38343239656433353534373439663333326239363137616337303262373861643161346263343134
31383132663830356265643233663931613338623934313136353366653166623738313336346632
30363734343736303265373166396165393861613164653166363634366231393130346139323565
66386133333931616137376262616130383434343062343432636565326236386661343730643664
38326339343130323835613066353062643761653339663039386536346661303939653535636361
66653737636633356162313736646234353734633138623434393438393936663663333030656439
61336330613439643936313535373239316566396334333037386636333939396336663536323334
36396631646462346464616164356637313138343635633530663730316131646433386530343764
64376131653834666563643631616462623666383233656634613763616435393363333933353635
63633736653933643736656438653765326361303466333166666136636363613463653933653862
35393238353566343832636238363936663236303035343263643332656434313533393064613463
63343234363732313032343234313039303335393930303464646661353838386462376563613763
39623936326430323263306238643163356666613363646165336461396161313663666663393739
303237326361613161613338343139363631
