$ANSIBLE_VAULT;1.1;AES256
64663438616236386536303461636538373238613937343665333838636165653935616264633836
6561646534616561626538643536653139613237383637300a386463663438336463613038653061
38366263313232333336363639313633663137393339316634316265363866313633366136646235
3266343633356163360a316433643536323734363262343464303837656137626339363738646436
32353733633532343636333639323262616333616163643261346630396234663235613561373830
66323063633937643238643066656234663961666332623565643262333464306638616232346238
35326261346330616163663935366133663038333233346334373936643962383261356130396439
39393734316537633265646130633261626439633830626163356162613661643037646438343332
65376339313539386634333934656665393535303534656633323861346536636538323836326662
66323632393637346264316332663162373366306132363461383339356161303738376338376233
33656531383032303762326339343934396234656334366230343434643137343134363731666238
34333937373632633038616262383966343466326431653433386536393563386338303937636130
62316131346430343164333334366532373662333937643838653266663634616630653736353737
32666461333739316361323136623563396138633931386535336639376537363034353364626432
31656130643932396136356631393264633135653965646630336138633137303866333733386534
38633038393565366435
